Operaciones = +100 -540 -67 -422 -445 -556
Derecha



                                                    2: 0 (241) 1 (422) 3 (540) 4
                                       0: (3)(35)(67)1 1:(241)(300)(329)3 3:(422)(445)4 4:(556)(600)
----------------------------------------------------------------------------------------------------------------------------------------------------------------------
+100
                                                    2: 0 (241) 1 (422) 3 (540) 4
                                       0: (3)(35)(67)(*100*)1 1:(241)(300)(329)3 3:(422)(445)4 4:(556)(600)
                                       
                                                    2: 0 (67) 5 (241) 1 (422) 3 (540) 4
                                       0: (3)(35) 5:(67)(*100*)1 1:(241)(300)(329)3 3:(422)(445)4 4:(556)(600) 
                                            
                                                               7:2 (422) 6
                                             2: 0 (67) 5 (241) 1          6: 3 (540) 4
                       0: (3)(35)5 5:(67)(*100*)1 1:(241)(300)(329)3   3:(422)(445)4 4:(556)(600)-1
----------------------------------------------------------------------------------------------------------------------------------------------------------------------
-540

                                                               7:2 (422) 6
                                             2: 0 (67) 5 (241) 1          6: 3 (540) 4
                       0: (3)(35)5 5:(67)(*100*)1 1:(241)(300)(329)3   3:(422)(445)4 4:(556)(600)-1
----------------------------------------------------------------------------------------------------------------------------------------------------------------------
-67

                                                               7:2 (422) 6
                                             2: 0 (67) 5 (241) 1          6: 3 (540) 4
                       0: (3)(35)5 5:(*100*)1 1:(241)(300)(329)3   3:(422)(445)4 4:(556)(600)-1
----------------------------------------------------------------------------------------------------------------------------------------------------------------------
-422

                                                               7:2 (422) 6
                                             2: 0 (67) 5 (241) 1          6: 3 (540) 4
                       0: (3)(35)5 5:(*100*)1 1:(241)(300)(329)3   3:(445)4 4:(556)(600)-1
----------------------------------------------------------------------------------------------------------------------------------------------------------------------
-445

                                                               7:2 (422) 6
                                             2: 0 (67) 5 (241) 1          6: 3 (600) 4
                       0: (3)(35)5 5:(*100*)1 1:(241)(300)(329)3    3:(556)4     4:(600)-1
----------------------------------------------------------------------------------------------------------------------------------------------------------------------
-556

                                                               7:2 (241) 6
                                             2: 0 (67) 5                              6: 1 (422) 3 
                                       0: (3)(35)5    5:(*100*)1          1:(241)(300)(329)3       3:(600) -1
L7, L6, L3, L4, L2, E2, E7, E6, E3
