Ej11  
Proceso = +80, +50, +70, +120, +23, +52, +59, +65, +30, +40, +45, +31, +34, +38, +60, +63, +64, -23,-30, -31, -40, -45, -38.
Politica = Izquierda
Grado = 5
Arbol de antemano = No

+80 +50 +70 +120
                                                  0: (50)(70)(80)(120)
------------------------------------------------------------------------------------------------------------------------
+23

                                                   0: (23)(50)(70)(80)(120)
                                                   
                                                        2: 0 (70) 1
                                                 0: (23)(50)      1: (80)(120)
------------------------------------------------------------------------------------------------------------------------ 
+52
                                                        2: 0 (70) 1
                                                 0: (23)(50)(52)      1: (80)(120)
------------------------------------------------------------------------------------------------------------------------
+59
                                                        2: 0 (70) 1
                                       0: (23)(50)(52)(59)      1: (80)(120)
------------------------------------------------------------------------------------------------------------------------
+65
                                                        2: 0 (70) 1
                                       0: (23)(50)(52)(59)(65)      1: (80)(120)
                                       
                                                     2: 0 (52) 3 (70) 1
                                            0: (23)(50)     3: (59)(65)      1: (80)(120)
------------------------------------------------------------------------------------------------------------------------
+30 + 40

                                                     2: 0 (52) 3 (70) 1
                                            0: (23)(30)(40)(50)     3: (59)(65)      1: (80)(120)
------------------------------------------------------------------------------------------------------------------------
+45

                                                     2: 0 (52) 3 (70) 1
                                            0: (23)(30)(40)(45)(50)     3: (59)(65)      1: (80)(120)
                                            
                                                     2: 0 (40) 4 (52) 3 (70) 1
                                        0: (23)(30)      4: (45)(50)     3: (59)(65)      1: (80)(120)
------------------------------------------------------------------------------------------------------------------------
+31 +34

                                                     2: 0 (40) 4 (52) 3 (70) 1
                                        0: (23)(30)(31)(34)     4: (45)(50)     3: (59)(65)      1: (80)(120)
------------------------------------------------------------------------------------------------------------------------
+38

                                                2: 0 (31) 5 (40) 4 (52) 3 (70) 1
                                        0: (23)(30) 5 : (34)(38)  4: (45)(50) 3: (59)(65) 1: (80)(120)
------------------------------------------------------------------------------------------------------------------------
+60 +63

                                                2: 0 (31) 5 (40) 4 (52) 3 (70) 1
                                        0: (23)(30) 5 : (34)(38)  4: (45)(50) 3: (59)(60)(63)(65) 1: (80)(120)
------------------------------------------------------------------------------------------------------------------------
+64

                                                2: 0 (31) 5 (40) 4 (52) 3 (63) 6 (70) 1
                                        0: (23)(30) 5 : (34)(38)  4: (45)(50) 3: (59)(60) 6: (64)(65) 1: (80)(120)
                                        
                                                            8: 2 (52) 7
                                        2: 0 (31) 5 (40) 4                 7: 3 (63) 6 (70) 1
                           0: (23)(30) 5 : (34)(38)  4: (45)(50)    3: (59)(60) 6: (64)(65) 1: (80)(120)                                        
------------------------------------------------------------------------------------------------------------------------
 -23
                                                            8: 2 (52) 7
                                        2: 0 (31) 5 (40) 4                 7: 3 (63) 6 (70) 1
                           0: (23)(30) 5 : (34)(38)  4: (45)(50)    3: (59)(60) 6: (64)(65) 1: (80)(120) 
                           
                           
                                                            8: 2 (52) 7
                                        2: 0 (31) 5 (40) 4                 7: 3 (63) 6 (70) 1
                           0: (30)  5: (34)(38)  4: (45)(50)    3: (59)(60) 6: (64)(65) 1: (80)(120)  
------------------------------------------------------------------------------------------------------------------------
-30

                                                             8: 2 (52) 7
                                        2: 0 (34) 5 (40) 4                 7: 3 (63) 6 (70) 1
                           0: (31)  5: (38)  4: (45)(50)    3: (59)(60) 6: (64)(65) 1: (80)(120)  
------------------------------------------------------------------------------------------------------------------------
-31

                                                             8: 2 (52) 7
                                        2: 0(40) 4                         7: 3 (63) 6 (70) 1
                           0: (34)(38)     4: (45)(50)        3: (59)(60) 6: (64)(65) 1: (80)(120)  
------------------------------------------------------------------------------------------------------------------------
-40

                                                             8: 2 (52) 7
                                        2: 0(45) 4                         7: 3 (63) 6 (70) 1
                           0: (34)(38)     4: (50)              3: (59)(60) 6: (64)(65) 1: (80)(120) 
------------------------------------------------------------------------------------------------------------------------
-45

                                                             8: 2 (52) 7
                                        2: 0(38) 4                         7: 3 (63) 6 (70) 1
                           0: (34)    4: (50)                    3: (59)(60) 6: (64)(65) 1: (80)(120)   
------------------------------------------------------------------------------------------------------------------------
-38

                                                             8: 2 (63) 7
                                         2: 0(52) 3                              7:  6 (70) 1
                               0: (34)(50)     3: (59)(60)                 6: (64)(65)     1: (80)(120)  
------------------------------------------------------------------------------------------------------------------------
