Ej13
Proceso =  +65, +89, +23, +45, +20, +96, +10, +55, -23, +110, +50, -10, +25, -50, -45, +120, +130, +70, +75, +73, +100, -120, -110.
Politica = Derecha
Grado = 4
Arbol de antemano = No

------------------------------------------------------------------------------------------------------------------------
+65 +23 +89
                                                        0: (23)(65)(89)
------------------------------------------------------------------------------------------------------------------------
+45
                                                        0: (23)(45)(65)(89)
                                                        
                                                          2: 0 (65) 1
                                                 0: (23)(45)          1: (89)
------------------------------------------------------------------------------------------------------------------------
+20 +96
                                                          2: 0 (65) 1
                                                 0: (20)(23)(45)          1: (89)(96)    
------------------------------------------------------------------------------------------------------------------------
+10
                                                          2: 0 (65) 1
                                         0: (10)(20)(23)(45)          1: (89)(96)
                                         
                                                          2: 0 (23) 3 (65) 1
                                               0: (10)(20)       3: (45)      1: (89)(96) 
------------------------------------------------------------------------------------------------------------------------
+55
                                                          2: 0 (23) 3 (65) 1
                                               0: (10)(20)       3: (45)(55)      1: (89)(96) 
------------------------------------------------------------------------------------------------------------------------
-23
                                                          2: 0 (45) 3 (65) 1
                                               0: (10)(20)       3: (55)      1: (89)(96) 
------------------------------------------------------------------------------------------------------------------------
+110 +50 -10 +25 -50
                                                          2: 0 (45) 3 (65) 1
                                               0: (20)(25)       3: (55)      1: (89)(96)(110)
------------------------------------------------------------------------------------------------------------------------
-45
                                                          2: 0 (55) 3 (89) 1
                                               0: (20)(25)       3: (65)      1: (96)(110)
------------------------------------------------------------------------------------------------------------------------
+120
                                                          2: 0 (55) 3 (89) 1
                                               0: (20)(25)       3: (65)      1: (96)(110)(120)
------------------------------------------------------------------------------------------------------------------------
+130
                                                          2: 0 (55) 3 (89) 1
                                               0: (20)(25)       3: (65)      1: (96)(110)(120)(130)
                                               
                                                          2: 0 (55) 3 (89) 1 (120) 4
                                               0: (20)(25)    3: (65)   1: (96)(110) 4: (130)
------------------------------------------------------------------------------------------------------------------------
+70 +75                                               
                                                          2: 0 (55) 3 (89) 1 (120) 4
                                               0: (20)(25)    3: (65)(70)(75)   1: (96)(110) 4: (130)
------------------------------------------------------------------------------------------------------------------------
+73                                               
                                                          2: 0 (55) 3 (89) 1 (120) 4
                                               0: (20)(25)    3: (65)(70)(73)(75)   1: (96)(110) 4: (130)
                                               
                                                          2: 0 (55) 3 (73) 5 (89) 1 (120) 4
                                               0: (20)(25)    3: (65)(70) 5: (75)   1: (96)(110) 4: (130)
                                               
                                                                    7: 2 (89) 6             
                                                 2: 0 (55) 3 (73) 5              6:  1 (120) 4
                                          0: (20)(25) 3: (65)(70) 5: (75)    1: (96)(110) 4: (130) 
------------------------------------------------------------------------------------------------------------------------
+100
                                                                    7: 2 (89) 6             
                                                 2: 0 (55) 3 (73) 5              6:  1 (120) 4
                                          0: (20)(25) 3: (65)(70) 5: (75)    1: (96)(100)(110) 4: (130) 
------------------------------------------------------------------------------------------------------------------------
-120
                                                                    7: 2 (89) 6             
                                                 2: 0 (55) 3 (73) 5              6:  1 (110) 4
                                          0: (20)(25) 3: (65)(70) 5: (75)    1: (96)(100) 4: (130) 
------------------------------------------------------------------------------------------------------------------------
-110
                                                                    7: 2 (89) 6             
                                                 2: 0 (55) 3 (73) 5              6:  1 (100) 4
                                          0: (20)(25) 3: (65)(70) 5: (75)    1: (96)      4: (130) 
------------------------------------------------------------------------------------------------------------------------
