Ej15  
Proceso =  +120, +110, +52, +70, +15, -45, -52, +22, +19, -66, -22, -19, -23, -89.
Politica = Derecha
Grado = 4
Arbol de antemano = Si

                                        2: 0 (66) 1
                              0: (23)(45)           1: (66)(67)(89)
------------------------------------------------------------------------------------------------------------------------
+120
                                        2: 0 (66) 1 (89) 3
                                  0: (23)(45)  1: (66)(67) 3: (89)(120)
------------------------------------------------------------------------------------------------------------------------
+110
                                        2: 0 (66) 1 (89) 3
                                  0: (23)(45)  1: (66)(67) 3: (89)(110)(120)
------------------------------------------------------------------------------------------------------------------------
+52
                                        2: 0 (66) 1 (89) 3
                                  0: (23)(45)(52)  1: (66)(67) 3: (89)(110)(120)
------------------------------------------------------------------------------------------------------------------------
+70
                                        2: 0 (66) 1 (89) 3
                                  0: (23)(45)(52)  1: (66)(67)(70) 3: (89)(110)(120)
------------------------------------------------------------------------------------------------------------------------
+15
                                        2: 0 (66) 1 (89) 3
                                  0: (15)(23)(45)(52)  1: (66)(67)(70) 3: (89)(110)(120)
                                  
                                        2: 0 (45) 4 (66) 1 (89) 3
                            0: (15)(23)   4: (45)(52)  1: (66)(67)(70) 3: (89)(110)(120)
------------------------------------------------------------------------------------------------------------------------
-45
                                  
                                        2: 0 (45) 4 (66) 1 (89) 3
                            0: (15)(23)   4: (52)  1: (66)(67)(70) 3: (89)(110)(120)
------------------------------------------------------------------------------------------------------------------------
-52
                                  
                                        2: 0 (45) 4 (66) 1 (89) 3
                            0: (15)(23)   4: (52)  1: (66)(67)(70) 3: (89)(110)(120)
                            
                                        2: 0 (45) 4 (67) 1 (89) 3
                            0: (15)(23)   4: (66)  1: (67)(70) 3: (89)(110)(120)
------------------------------------------------------------------------------------------------------------------------
+22
                                        2: 0 (45) 4 (67) 1 (89) 3
                            0: (15)(22)(23)   4: (66)  1: (67)(70) 3: (89)(110)(120)
------------------------------------------------------------------------------------------------------------------------
+19
                                        2: 0 (22) 5 (45) 4 (67) 1 (89) 3
                            0: (15)(19) 5: (22)(23)   4: (66)  1: (67)(70) 3: (89)(110)(120)
                            
                                                      7: 2 (67) 6
                               2: 0 (22) 5 (45) 4                    6:  1 (89) 3
                         0: (15)(19) 5: (22)(23) 4: (66)        1: (67)(70) 3: (89)(110)(120)
------------------------------------------------------------------------------------------------------------------------
-66
                                                      7: 2 (67) 6
                               2: 0 (22) 5 (23) 4                    6:  1 (89) 3
                         0: (15)(19) 5: (22) 4: (23)        1: (67)(70) 3: (89)(110)(120)
------------------------------------------------------------------------------------------------------------------------
-22
                                                7: 2 (67) 6
                               2: 0 (22) 5                    6:  1 (89) 3
                           0: (15)(19)    5: (23)      1: (67)(70) 3: (89)(110)(120)
------------------------------------------------------------------------------------------------------------------------
-19
                                                7: 2 (67) 6
                               2: 0 (22) 5                    6:  1 (89) 3
                           0: (15)     5: (23)      1: (67)(70) 3: (89)(110)(120)
------------------------------------------------------------------------------------------------------------------------
-23

                               2: 0 (67) 1 (89) 3         
                           0: (15)   1: (67)(70) 3: (89)(110)(120)
------------------------------------------------------------------------------------------------------------------------
-89

                               2: 0 (67) 1 (89) 3         
                           0: (15) 1: (67)(70) 3: (110)(120)
------------------------------------------------------------------------------------------------------------------------


