Ej16  
Proceso = +67, +56, +96, +10, +28, +95, +16, +46, +23, +36, +120, +130, +60, +57, -96, -67, -95, -60, -120, -57, -56.
Politica = Derecha o Izquieda
Grado = 4
Arbol de antemano = No

------------------------------------------------------------------------------------------------------------------------
+26 +67+ 96
                                         0: (56)67)(96)
------------------------------------------------------------------------------------------------------------------------
+10
                                         0: (10)(56)67)(96)
                                         
                                              2: 0 (67) 1
                                         0: (10)(56)    1: (67)(96)
------------------------------------------------------------------------------------------------------------------------
+28 +95
                                              2: 0 (67) 1
                                         0: (10)(28)(56)    1: (67)(95)(96)
------------------------------------------------------------------------------------------------------------------------
+16
                                              2: 0 (67) 1
                                         0: (10)(16)(28)(56)    1: (67)(95)(96)
                                         
                                              2: 0 (28) 3 (67) 1
                                        0: (10)(16) 3: (28)(56) 1: (67)(95)(96)
------------------------------------------------------------------------------------------------------------------------
+46 +23

                                              2: 0 (28) 3 (67) 1
                                        0: (10)(16)(23) 3: (28)(46)(56) 1: (67)(95)(96)
------------------------------------------------------------------------------------------------------------------------
+36

                                              2: 0 (28) 3 (46) 4 (67) 1
                                      0: (10)(16)(23) 3: (28)(36) 4: (46)(56) 1: (67)(95)(96)
------------------------------------------------------------------------------------------------------------------------
+120

                                              2: 0 (28) 3 (46) 4 (67) 1 (96) 5
                                    0: (10)(16)(23) 3: (28)(36) 4: (46)(56) 1: (67)(95) 5: (96)(120)
                                    
                                                           7: 2 (67) 6
                                     2: 0 (28) 3 (46) 4                     6: 1 (96) 5
                        0: (10)(16)(23) 3: (28)(36) 4: (46)(56)       1: (67)(95) 5: (96)(120)
------------------------------------------------------------------------------------------------------------------------
+130 +60
                                                           7: 2 (67) 6
                                     2: 0 (28) 3 (46) 4                     6: 1 (96) 5
                        0: (10)(16)(23) 3: (28)(36) 4: (46)(56)(60)       1: (67)(95) 5: (96)(120)(130)
------------------------------------------------------------------------------------------------------------------------
+57
                                                           7: 2 (67) 6
                                     2: 0 (28) 3 (46) 4 (57) 8                    6: 1 (96) 5
                        0: (10)(16)(23) 3: (28)(36) 4: (46)(56) 8:(57)(60)       1: (67)(95) 5: (96)(120)(130)
------------------------------------------------------------------------------------------------------------------------
-96 -67 -95
                                                           7: 2 (67) 6
                                     2: 0 (28) 3 (46) 4 (57) 8                    6: 1 (130) 5
                        0: (10)(16)(23) 3: (28)(36) 4: (46)(56) 8:(57)(60)       1: (120) 5: (130)
------------------------------------------------------------------------------------------------------------------------
-60
                                                           7: 2 (67) 6
                                     2: 0 (28) 3 (46) 4 (57) 8                    6: 1 (130) 5
                        0: (10)(16)(23) 3: (28)(36) 4: (46)(56) 8:(57)      1: (120) 5: (130)
------------------------------------------------------------------------------------------------------------------------
-120
                                                              7: 2 (57) 6
                                     2: 0 (28) 3 (46) 4                     6: 1 (67) 1
                        0: (10)(16)(23) 3: (28)(36) 4: (46)(56)      8: (57)         1:(130) 
------------------------------------------------------------------------------------------------------------------------
-57
                                                              7: 2 (57) 6
                                     2: 0 (28) 3 (46) 4                     6: 8 (67) 1
                        0: (10)(16)(23) 3: (28)(36) 4: (46)(56)      8: (57)         1:(130) 
                        
                                                              7: 2 (46) 6
                                     2: 0 (28) 3                          6: 4 (57) 8
                        0: (10)(16)(23) 3: (28)(36)               4: (46)(56)            8: (130)           
------------------------------------------------------------------------------------------------------------------------
-56
                                                              7: 2 (46) 6
                                     2: 0 (28) 3                          6: 4 (57) 8
                        0: (10)(16)(23) 3: (28)(36)               4: (46)            8: (130)           
------------------------------------------------------------------------------------------------------------------------
