Ej17
Proceso =  +52, +23, +10, +99, +63, +74, +19, +85, +14, +73, +5, +7, +41, +100, +130, +44, -63, -73, +15, +16, -74, -52.
Politica = Izquierda
Grado = 6
Arbol de antemano = No


--------------------------------------------------------------------------------------------------
+10 +23 +52 +63 +99
                                      0: (10)(23)(52)(63)(99)
--------------------------------------------------------------------------------------------------
+74
                                                  2: 0 (63) 1
                                      0: (10)(23)(52)     1: (63)(74)(99)
--------------------------------------------------------------------------------------------------
+19 +85 +14 +73
                                                  2: 0 (63) 1
                                      0: (10)(14)(19)(23)(52)     1: (63)(73)(74)(85)(99)
--------------------------------------------------------------------------------------------------
+5
                                                  2: 0 (19) 3 (63) 1
                                    0: (5)(10)(14) 3: (19)(23)(52)  1: (63)(73)(74)(85)(99)
--------------------------------------------------------------------------------------------------
+7 +41
                                                  2: 0 (19) 3 (63) 1
                                    0: (5)(7)(10)(14) 3: (19)(23)(41)(52)  1: (63)(73)(74)(85)(99)
--------------------------------------------------------------------------------------------------
+100
                            2: 0 (19) 3 (63) 1 (85) 4
              0: (5)(7)(10)(14) 3: (19)(23)(41)(52)  1: (63)(73)(74) 4: (85)(99)(100)
--------------------------------------------------------------------------------------------------
+130 +44 -63
                            2: 0 (19) 3 (63) 1 (85) 4
              0: (5)(7)(10)(14) 3: (19)(23)(41)(44)(52)  1: (73)(74) 4: (85)(99)(100)(130)
--------------------------------------------------------------------------------------------------
-73
                            2: 0 (19) 3 (52) 1 (85) 4
              0: (5)(7)(10)(14) 3: (19)(23)(41)(44)  1: (52)(74) 4: (85)(99)(100)(130)
--------------------------------------------------------------------------------------------------
+15
                            2: 0 (19) 3 (52) 1 (85) 4
              0: (5)(7)(10)(14)(15) 3: (19)(23)(41)(44)  1: (52)(74) 4: (85)(99)(100)(130)
--------------------------------------------------------------------------------------------------
+16
                            2: 0 (14) 5 (19) 3 (52) 1 (85) 4
              0: (5)(7)(10) 5: (14)(15)(16) 3: (19)(23)(41)(44)  1: (52)(74) 4: (85)(99)(100)(130)
--------------------------------------------------------------------------------------------------
-74
                            2: 0 (14) 5 (19) 3 (44) 1 (85) 4
              0: (5)(7)(10) 5: (14)(15)(16) 3: (19)(23)(41)  1: (44)(52) 4: (85)(99)(100)(130)
--------------------------------------------------------------------------------------------------
-52
                            2: 0 (14) 5 (19) 3 (41) 1 (85) 4
              0: (5)(7)(10) 5: (14)(15)(16) 3: (19)(23)  1: (41)(44) 4: (85)(99)(100)(130)
--------------------------------------------------------------------------------------------------
 
